Nombre,Nudo,    P,    Pmax,Pmin
GP3, 3, 0.00050126, 0.02, 0, 
GP4, 4, 0.00050126, 0.02, 0, 
GP5, 5, 0.00075189, 0.03, 0, 
GB5, 5, 0.052631, 0.5, -0.5, 
GFC5, 5, 0.0044345, 0.033, -0.033, 
GP6, 6, 0.00075189, 0.03, 0, 
GWT7, 7, 1.3103, 1.5, 0, 
GP8, 8, 0.00075189, 0.03, 0, 
GP9, 9, 0.00075189, 0.03, 0, 
GCHPD9, 9, 0.036066, 0.31, 0, 
GCHPFC9, 9, 0.16053, 0.212, 0, 
GP10, 10, 0.00075189, 0.04, 0, 
GB10, 10, 0.052631, 0.2, -0.2, 
GFC10, 10, 0.0044345, 0.014, -0.014, 
GP11, 11, 0.00025063, 0.01, 0, 
